100
1
19
23
99000
1111
1000
777
999901
1110
1101
10010
21
999000
345678
11
1000000
100
101001
10100
31
999989
11001
199
99001
22
11000
900000
321098
2100
10101
999990
234567
20
999900
2201
1999
999999
201
19
10999
110
990000
990001
100001
101
10
2
101000
32
900
11010
999899
2200
989999
2002
2001
11101
29
200
9999
11110
9
102
999
111
998999
91
899999
999001
1099
10111
2000
11111
1001
4096
10110
123456
1100
32
100000
11100
900001
30
12
12001
999991
999998
12000
10000
1998
2101
99
32768
10011
456789
11011
90
8192
901
10001
