100
4 2
5 2
6 2
1000 1000
1000 1
967628 835169
1000000 475713
1000000 282216
999999 499998
500000 255916
319434 256316
999999 999999
999999 499997
1000000 262144
411751 340041
999999 128
4 1
1000000 475712
749880 625606
999999 307943
1000000 1000000
1000000 500000
323652 282686
1000000 999999
1000000 127
500000 249998
1000000 499999
500000 237857
999999 508031
870770 742193
527645 510751
891758 684504
594005 560654
999999 524288
1000000 1
500000 237856
500000 134911
522716 448286
999999 524287
500000 262143
999999 262144
312679 284704
999999 475711
800080 707548
999999 2
999999 499999
999999 999998
3 1
999999 262143
1000000 2
821526 684632
999999 1
600560 541477
896678 735572
995281 941697
1000000 499998
594834 549165
1000000 128
1000000 519062
3 2
333136 316853
510518 460479
1000000 524287
701454 580727
425843 419305
343142 265040
2 2
999999 475712
261414 214647
431959 349585
950369 902698
999999 127
651004 537884
625951 602810
500000 2
500000 250000
754922 701713
544846 467639
1000000 262143
468823 427907
500000 128
500000 127
741385 710939
500000 262144
596586 498822
5 1
500000 1
1000000 524288
500000 131071
733476 697307
1 1
500000 499999
500000 249999
2 1
721343 645703
500000 500000
500000 131072
644578 512648
876114 760168
574037 506710
