100
873 361 823
630 238 216
12369176 474947507 338266575
384 181 123
448012738 685404195 570309174
12 244 8
1000000000 1000000000 1000000000
503 509 131
606 471 947
991 789 377
289002980 132774840 503691853
782 883 527
508 883 216
226 55 2
512 512 2
512 512 1
383 221 69
2 3 1
103 143 88
853222330 370568635 430313790
330 747 40
281699917 941554078 771116864
7 174 4
3 4 5
5 1 1
192 16 15
191 337 184
309 731 74
3 4 2
3 5 2
2 3 1
278 12 4
512 512 513
807 27 640
513 513 2
1 2 1
2 5 1
862 930 756
817 591 514
512 512 257
171 602 94
672 671 121
3 2 1
536870911 536870911 536870911
936 799 966
81 593 229
233635240 279552510 334844018
513 513 512
308 536 339
3 4 4
424 753 115
536870911 536870911 536870910
89558586 30347378 834631016
1 4 1
4 1 1
691 866 875
478 985 663
341 913 205
4 5 2
902 885 240
123 27 721
794 584 495
4 3 4
513 513 257
8 27 7
787634792 238883970 800416524
7 8 5
710645138 548345173 792720654
354 659 308
1 4 3
763936464 770236393 890176310
1 1 1
1000 1000 1
326 77 8
351 71 42
141 870 125
3 3 5
281650219 412256285 752551833
444600130 509244587 553666133
513 513 1
3 2 4
910 86 418
139 658 36
512 512 256
590 851 393
272 801 56
1 4 4
2 5 2
1 1 5
513 513 256
5 2 1
45 56 35
309461203 663058998 692201869
57 609 37
589 119 39
1 1 1000
11608703 352259419 54942115
45056187 713625113 205462797
139 812 26
4 2 2
