100
2 3 1
3 4 2
4 5 2
782 883 527
464 393 947
130 587 514
873 361 823
3 2 1
2 5 2
1 1 1000
5 2 1
792 970 923
176 507 525
1 1 1
1 4 1
2 3 1
45 56 35
738 195 414
794 584 495
424 753 115
341 913 205
3 4 5
191 337 184
138 173 887
606 471 947
384 181 123
171 602 94
589 119 39
980 840 850
192 16 15
1 2 1
354 659 308
139 658 36
8 27 7
3 3 5
308 536 339
703 419 439
586 378 984
347 513 85
917 78 890
81 593 229
630 238 216
223 323 212
862 930 756
4 2 2
1 4 4
672 671 121
512 512 1
103 143 88
3 2 4
139 812 26
3 5 2
203 998 789
512 512 513
508 883 216
5 1 1
651 453 201
123 27 721
807 27 640
513 513 257
226 55 2
512 512 256
7 174 4
902 885 240
330 635 435
219 285 983
513 513 2
478 985 663
3 4 4
4 1 1
817 591 514
309 731 74
240 510 295
351 71 42
512 512 257
1 4 3
141 870 125
330 747 40
7 8 5
513 513 512
383 221 69
590 851 393
2 5 1
503 509 131
4 3 4
910 86 418
936 799 966
513 513 1
12 244 8
326 77 8
272 801 56
513 513 256
691 866 875
187 113 495
512 512 2
278 12 4
57 609 37
1000 1000 1
1 1 5
991 789 377
