100
131.0 1.0 963.0
498.33475 1.33150 1913.30816
498.46765 1.05071 1926.41102
346.47960 3.50187 668.16379
7.1 1.0000 832.404
81.2152 2.0 2000.00
490.33458 1.02413 1919.55007
495.91232 1.39641 1999.34722
95.29207 3.32627 1293.42584
62.40053 1.427 490.0
490.42362 1.37686 1954.53338
1.00 3.3 870.0
497.14456 1.24510 1900.87730
25.0 2.0 689.0
202.83 3.0 1947.0
185.57861 1.61126 998.73549
490.32586 1.46789 1936.31519
491.40705 1.05913 1944.36986
494.22385 1.48509 1946.90894
55.00000 2.00000 110.00000
391.21 1.276 107.40
270.19710 2.47198 1919.14549
453.00000 1.00000 461.00000
440.0 1.0 1157.0
498.42632 1.08748 1988.92619
500.0 3.7895 159.6
491.53386 1.01358 1991.62173
457.00000 2.00000 914.00000
493.83595 1.42035 1910.09802
495.17325 1.30587 1903.07710
432.5 2.4642 1659.0
492.01444 1.39295 1995.46774
101.3 1.8 476.838
152.80544 3.71959 1906.74606
209.0 4.0 1870.0
455.23540 3.54420 1246.11547
214.71170 2.26068 1739.77018
119.0 4.0 190.0
2.05432 3.97510 3.37013
24.0 1.0 1532.9
62.06550 1.17035 1400.18203
398.81 3.70011 1119.0
495.59197 1.18424 1978.84603
497.53329 1.42697 1917.64187
495.64049 1.16077 1931.04165
398.8145 1.96007 208.4
495.41120 1.48808 1937.94038
115.88734 3.08834 1593.76463
492.76296 1.00921 1973.03415
122.00000 2.00000 244.00000
90.0 2.0 18.0
495.63880 1.20442 1932.56945
310.0 4.0 353.0
454.0 2.0 989.0
193.11005 2.61464 1025.16507
1.09163 3.55188 1999.88781
57.86823 3.73897 1162.39586
327.00000 2.00000 371.00000
1.02622 3.11233 1999.73884
402.35651 3.71751 342.04364
328.76853 2.79268 1469.34100
210.61 2.63 334.7814
5.43597 1.48421 1949.45331
496.45782 1.17383 1939.25110
293.00000 2.00000 586.00000
497.04028 1.06315 1959.12452
480.70800 1.54916 508.99455
497.22469 1.40771 1967.53874
1.07163 3.61277 1999.78205
497.05791 1.01424 1933.64277
470.0 2.0 1856.0
1.04501 3.86207 1999.77645
492.53589 1.29426 1947.35180
493.16474 1.19003 1980.16080
499.26307 3.38463 593.28821
495.38468 1.05550 1982.43923
74.01785 3.19384 766.10764
494.0 1.0 69.0
4.5 2.0 1.0
496.57087 1.02266 1952.43784
495.34897 1.36608 1900.27473
213.49781 3.32383 874.01705
494.54657 1.39846 1981.20038
161.61638 2.782 272.3
497.86965 1.46739 1973.01245
70.85162 4.00000 1781.0
466.00000 4.00000 468.00000
496.10526 1.15534 1903.56168
373.00000 3.00000 404.00000
498.97872 1.08329 1911.01958
120.2 2.45652 150.99390
14.31666 3.62649 897.36718
357.0 2.0 615.0
123.64816 3.18930 363.88569
492.49159 1.26614 1993.58790
144.0 3.0 1597.0
1.0 3.0 1844.0
298.0645 3.457 677.6151
492.67522 1.10184 1951.35744
113.58724 3.90590 469.76914
