100
0 1
4 98639
4 34106
6 0000001
4 40001
6 2422699
2 602
6 3468985
6 7000001
6 5886615
3 2963
6 0000001
6 0010021
6 0000801
6 0000001
1 71
2 621
6 4000501
6 0004001
6 8862811
5 000001
0 1
5 000078
0 1
6 3567328
6 1000402
5 900001
6 0000801
6 1222011
6 3197132
6 8000001
1 01
6 5500046
6 7004028
5 120121
5 000003
5 700401
5 874209
5 004001
6 1000001
6 0202221
2 198
6 0008861
5 002211
6 0000001
6 1111111
6 0900401
5 000001
1 21
6 2100021
6 7187707
5 110011
4 00911
6 9999999
4 11111
6 2111001
6 3140233
1 02
6 9721892
6 0000504
1 12
6 0000051
2 111
6 0000603
1 09
4 10102
0 3
6 5020504
6 2020111
6 0000072
2 301
0 1
6 3161353
6 1600701
6 2058301
1 13
6 0000001
3 1222
6 5070251
6 0000701
6 7040401
1 15
2 071
2 201
6 6000801
4 89439
6 2211121
6 1112221
6 9000001
6 9000071
2 112
5 406693
6 4000871
4 64815
6 9000001
6 1010211
2 901
6 0500007
6 2021022
0 9
