50
7
0.12 0.98 0.50 0.06 0.64 0.03 0.52
0.81 0.09 0.86 0.23 0.69 0.34 0.55
10
0.96 0.09 0.82 0.53 0.73 0.64 0.91 0.31 0.16 0.98
0.58 0.07 0.18 0.29 0.02 0.71 0.47 0.78 0.80 0.56
10
0.72 0.74 0.66 0.79 0.90 0.53 0.63 0.57 0.93 0.51
0.68 0.88 0.15 0.91 0.22 0.12 0.62 0.43 0.31 0.94
10
0.25 0.33 0.21 0.38 0.08 0.04 0.42 0.17 0.12 0.29
0.79 0.96 0.58 0.62 0.67 0.87 0.54 0.46 0.92 0.71
6
0.49 0.46 0.77 0.26 0.36 0.74
0.56 0.15 0.62 0.08 0.82 0.90
10
0.85 0.78 0.02 0.41 0.15 0.18 0.50 0.72 0.47 0.62
0.48 0.40 0.95 0.39 0.22 0.23 0.91 0.05 0.99 0.45
5
0.31 0.38 0.15 0.23 0.35
0.58 0.12 0.27 0.77 0.88
10
0.017 0.769 0.957 0.402 0.137 0.265 0.846 0.778 0.248 0.085
0.103 0.906 0.376 0.308 0.043 0.026 0.538 0.179 0.923 0.521
2
0.8 0.7
0.5 0.6
2
0.53 0.84
0.58 0.32
8
0.50 0.45 0.18 0.55 0.64 0.32 0.27 0.59
0.68 0.77 0.86 0.23 0.95 0.36 0.09 0.91
6
0.04 0.54 0.17 0.29 0.38 0.33
0.71 0.87 0.83 0.75 0.67 0.58
10
0.71 0.62 0.90 0.67 0.43 0.10 0.19 0.48 0.29 0.86
0.33 0.57 0.38 0.76 0.24 0.05 0.81 0.52 0.14 0.95
1
0.5
0.8
10
0.49 0.68 0.46 0.30 0.28 0.42 0.63 0.56 0.86 0.39
0.76 0.61 0.85 0.37 0.99 0.70 0.38 0.65 0.48 0.11
10
0.657 0.267 0.848 0.295 0.733 0.410 0.524 0.057 0.381 0.067
0.086 0.048 0.114 0.229 0.895 0.362 0.105 0.838 0.667 0.686
10
0.19 0.64 0.37 0.71 0.73 0.88 0.28 0.49 0.79 0.87
0.47 0.72 0.12 0.56 0.51 0.48 0.67 0.25 0.15 0.04
10
0.57 0.59 0.97 0.14 0.62 0.43 0.36 0.53 0.40 0.67
0.93 0.47 0.38 0.34 0.81 0.02 0.91 0.48 0.69 0.52
10
0.98 0.11 0.94 0.53 0.36 0.06 0.72 0.62 0.45 0.81
0.38 0.55 0.70 0.21 0.23 0.51 0.79 0.91 0.43 0.34
10
0.84 0.69 0.82 0.78 0.74 0.62 0.80 0.85 0.64 0.86
0.22 0.10 0.26 0.39 0.36 0.17 0.34 0.43 0.53 0.08
10
0.38 0.50 0.40 0.62 0.24 0.56 0.48 0.01 0.06 0.04
0.66 0.97 0.91 0.78 0.82 0.72 0.75 0.64 0.83 0.65
10
0.76 0.70 0.94 0.82 0.45 0.06 0.61 0.27 0.97 0.30
0.48 0.33 0.09 0.79 0.91 0.55 0.39 0.67 0.58 0.15
4
0.68 0.27 0.86 0.65
0.14 0.08 0.19 0.16
10
0.48 0.35 0.04 0.13 0.39 0.09 0.26 0.70 0.30 0.17
0.83 0.91 0.52 0.87 0.74 0.43 0.57 0.78 0.22 0.65
6
0.58 0.68 0.70 0.64 0.34 0.49
0.32 0.79 0.06 0.60 0.57 0.85
3
0.58 0.19 0.73
0.12 0.27 0.35
2
0.92 0.50
0.83 0.67
3
0.07 0.67 0.13
0.73 0.80 0.87
10
0.48 0.52 0.45 0.76 0.85 0.61 0.55 0.67 0.73 0.82
0.15 0.03 0.21 0.18 0.39 0.33 0.36 0.24 0.27 0.06
10
0.98 0.36 0.34 0.99 0.08 0.24 0.62 0.59 0.73 0.79
0.06 0.14 0.21 0.48 0.23 0.16 0.47 0.27 0.83 0.43
6
0.75 0.06 0.96 0.29 0.42 0.60
0.17 0.48 0.73 0.27 0.10 0.85
10
0.81 0.96 0.35 0.73 0.58 0.12 0.62 0.19 0.15 0.92
0.85 0.42 0.31 0.65 0.50 0.08 0.04 0.88 0.69 0.54
10
0.57 0.84 0.47 0.46 0.75 0.77 0.62 0.66 0.59 0.54
0.35 0.13 0.10 0.44 0.38 0.42 0.06 0.27 0.14 0.23
4
0.61 0.39 0.67 0.76
0.09 0.42 0.91 0.33
10
0.15 0.18 0.09 0.41 0.21 0.17 0.34 0.16 0.32 0.01
0.63 0.94 0.83 0.46 0.71 0.69 0.62 0.91 0.92 0.64
10
0.36 0.47 0.48 0.23 0.26 0.39 0.28 0.07 0.17 0.01
0.53 0.59 0.50 0.60 0.52 0.94 0.55 0.78 0.77 0.90
9
0.950 0.941 0.554 0.168 0.040 0.426 0.208 0.386 0.257
0.079 0.713 0.921 0.842 0.564 0.545 0.723 0.980 0.030
10
0.10 0.27 0.40 0.17 0.44 0.38 0.21 0.31 0.04 0.19
0.60 0.62 0.50 0.90 0.71 0.81 0.48 0.56 0.96 0.85
3
0.36 0.27 0.55
0.64 0.91 0.18
10
0.19 0.96 0.54 0.04 0.27 0.58 0.23 0.85 0.31 0.12
0.50 0.65 0.35 0.08 0.92 0.46 0.38 0.62 0.77 0.73
10
0.09 0.01 0.14 0.05 0.10 0.65 0.95 0.12 0.36 0.86
0.03 0.82 0.33 0.59 0.53 0.71 0.70 0.91 0.50 0.27
1
0.5
0.2
6
0.37 0.05 0.95 0.79 0.26 0.21
0.42 0.63 0.32 0.74 0.11 0.58
3
0.18 0.36 0.45
0.73 0.91 0.82
10
0.01 0.23 0.14 0.28 0.52 0.03 0.08 0.78 0.59 0.75
0.95 0.42 0.27 0.57 0.41 0.44 0.82 0.91 0.32 0.11
6
0.76 0.04 0.59 0.83 0.33 0.87
0.74 0.26 0.54 0.70 0.43 0.89
10
0.63 0.94 0.10 0.75 0.82 0.95 0.09 0.41 0.93 0.89
0.13 0.33 0.01 0.08 0.18 0.72 0.76 0.80 0.20 0.22
10
0.92 0.58 0.70 0.93 0.85 0.52 0.76 0.80 0.82 0.60
0.78 0.59 0.18 0.84 0.13 0.26 0.64 0.42 0.69 0.47
1
0.3
0.9
10
0.46 0.87 0.33 0.42 0.92 0.17 0.67 0.54 0.50 0.96
0.58 0.25 0.79 0.08 0.21 0.12 0.29 0.71 0.04 0.83
