100
2 3 2
1 1 1
2 1 1
2 1 2
3 2 3
50 10 48
4 7 2
70 9 8
3 1 3
10 5 2
3 37 1
64 7 2
70 1 69
31 9 22
2 3 1
90 4 35
14 7 2
1 4 1
1 100 1
1 82 1
4 1 3
1 3 1
59 2 16
90 9 56
33 8 29
5 9 1
1 28 1
47 2 5
18 12 1
10 18 1
70 1 70
96 1 34
100 9 11
20 2 11
3 3 1
5 6 1
1 14 1
76 2 14
91 5 13
1 12 1
3 1 2
4 2 1
30 12 16
1 49 1
100 3 34
100 9 12
100 3 33
14 7 1
18 5 17
3 2 2
88 9 88
70 9 7
30 4 28
100 1 1
100 1 100
5 21 2
65 5 9
4 3 2
28 2 28
37 9 25
36 10 22
15 5 15
2 2 1
17 1 17
3 2 1
80 8 9
5 8 1
77 7 29
4 1 4
4 4 1
89 2 74
85 5 76
100 2 50
10 5 1
4 2 2
4 29 1
1 2 1
6 1 4
100 2 49
80 8 10
100 4 25
2 59 1
100 1 99
17 14 1
9 4 9
2 4 1
1 88 1
2 15 2
10 1 8
15 15 3
17 1 16
17 14 2
100 4 24
7 10 1
4 3 1
28 12 19
15 2 5
66 7 29
3 4 1
5 5 5
