100
2 3 2
1 1 1
2 1 2
3 2 3
84 2 84
95 4 95
1 50 1
22 3 22
1 100 1
100 3 100
72 9 72
84 1 84
8 5 8
51 4 51
1 71 1
54 2 54
11 17 11
42 4 42
10 8 10
3 37 3
2 11 2
100 2 100
60 1 60
1 98 1
38 8 38
19 14 19
1 55 1
4 23 4
1 21 1
1 29 1
2 4 2
1 3 1
77 6 77
24 10 24
28 9 28
4 1 4
62 9 62
1 12 1
5 9 5
34 5 34
1 4 1
5 14 5
10 18 10
4 4 4
5 12 5
56 6 56
4 3 4
65 7 65
98 1 98
20 1 20
60 10 60
55 3 55
100 9 100
19 1 19
3 29 3
100 1 100
80 8 80
59 1 59
80 5 80
26 5 26
1 2 1
4 29 4
6 7 6
69 6 69
2 59 2
2 45 2
15 10 15
12 10 12
34 1 34
18 10 18
2 30 2
22 13 22
97 3 97
6 6 6
2 2 2
1 74 1
3 4 3
23 1 23
3 3 3
4 2 4
6 5 6
2 36 2
26 1 26
3 24 3
13 3 13
14 7 14
35 1 35
34 4 34
39 4 39
10 5 10
100 4 100
54 6 54
75 8 75
97 9 97
10 13 10
63 9 63
56 2 56
22 1 22
6 4 6
3 1 3
